CPUprofileQuantum: 586.285888671875,1368.364990234375,2372.23291015625
GPUprofileQuantum: 586.285888671875,1368.364990234375
CPUthput: 224.00001335144123,215.71234010546328,219.21960065942372
GPUthput: 166.91645237462322,167.33084515675637
